361
949
30
448
516
54
492
762
720
855
78
678
474
263
96
845
85
876
242
321
144
889
525
948
653
261
504
883
693
224
746
246
38
388
603
863
126
654
939
636
961
376
556
731
199
692
75
337
113
63
320
878
417
647
208
617
609
738
144
748
388
789
106
259
409
518
452
719
359
119
739
73
458
552
727
581
298
663
136
221
268
774
118
670
906
153
790
244
902
242
224
381
669
515
917
724
958
223
606
372
537
566
320
654
668
68
332
298
689
964
731
726
299
22
798
558
287
642
291
152
272
535
731
866
987
5
985
763
793
451
429
754
50
246
142
711
326
863
295
860
518
912
672
224
578
779
917
872
836
542
987
594
914
358
359
479
617
959
441
76
156
646
509
30
716
276
634
791
442
7
99
233
79
942
68
30
540
792
703
82
478
482
979
902
785
564
590
713
861
374
873
316
14
692
954
603
381
835
735
779
716
783
470
549
439
291
561
917
574
363
655
495
63
129
590
23
160
675
876
491
394
461
318
351
233
873
471
444
815
703
1
127
353
946
906
114
394
249
478
721
547
103
786
827
20
944
873
858
51
936
895
417
795
449
770
89
729
936
97
127
848
325
925
390
644
254
524
293
787
975
156
645
896
247
772
458
585
538
478
35
880
783
1
159
6
453
212
781
787
639
820
752
227
393
686
765
18
917
824
563
616
463
9
142
352
937
913
904
754
819
171
189
1000
619
712
161
830
358
37
816
818
576
796
537
987
125
472
336
911
52
41
975
628
21
64
728
768
527
653
385
819
280
524
869
322
442
381
787
255
694
523
357
299
368
108
535
150
663
63
378
694
39
613
260
171
77
581
894
155
870
499
498
33
477
899
350
407
527
615
17
821
124
697
529
722
556
362
63
807
99
912
616
187
763
630
288
889
612
341
901
654
923
448
390
278
356
918
78
150
429
169
1000
100
41
723
672
978
662
152
732
2
84
262
478
523
242
705
159
554
390
579
257
308
376
624
336
503
907
504
71
633
882
230
211
40
67
805
566
800
675
331
18
243
614
413
823
890
480
473
947
858
461
779
485
346
730
71
118
641
582
525
197
508
408
603
934
365
958
308
726
759
287
614
21
565
502
657
968
627
131
508
202
581
176
705
230
395
573
353
556
990
520
554
821
972
76
620
181
615
765
339
597
84
438
743
57
470
911
671
308
907
726
924
678
479
640
218
352
556
540
545
844
147
309
34
555
308
546
732
988
282
812
255
182
330
491
576
611
465
637
746
705
469
541
398
773
844
155
345
246
225
765
316
939
989
546
457
795
513
623
409
560
306
752
218
38
461
68
334
301
834
917
535
984
182
211
470
954
376
157
66
269
13
131
878
94
254
170
892
416
359
565
709
379
779
972
794
57
11
228
884
157
901
347
464
576
713
37
255
537
487
552
890
384
604
721
266
960
132
418
37
87
369
720
997
467
9
364
538
850
14
886
880
774
334
553
483
19
323
984
207
166
621
851
436
101
283
485
70
269
553
381
874
907
643
582
389
419
736
517
159
446
602
880
12
668
185
982
771
718
527
182
632
766
190
567
980
501
46
625
372
545
267
999
79
554
3
146
448
71
468
83
308
9
260
908
805
107
26
667
77
812
66
316
687
180
287
610
134
159
104
378
385
688
196
605
846
101
810
231
859
707
858
864
365
390
87
367
711
247
710
478
612
291
855
214
407
707
362
872
7
677
14
644
57
295
226
138
77
467
286
347
939
595
604
379
558
594
728
877
222
749
391
402
204
164
299
672
806
33
684
332
978
988
267
171
719
792
48
434
615
710
683
32
697
12
47
597
484
481
307
346
213
583
362
948
969
758
658
190
894
273
353
314
123
168
268
243
65
17
897
722
257
603
708
692
468
352
991
292
610
382
379
562
250
139
555
479
760
483
407
532
180
320
446
662
255
300
476
160
697
309
523
134
406
637
222
441
543
453
457
27
420
846
836
193
359
404
558
536
891
840
542
845
500
400
181
774
681
973
824
982
124
880
817
1
850
369
900
204
781
390
423
455
302
757
587
851
176
798
488
626
73
312
820
71
561
6
644
139
565
118
763
953
973
630
623
239
889
259
859
585
67
559
447
147
133
230
132
323
859
198
539
241
835
672
589
149
473
503
453
99
951
372
474
708
594
364
897
276
231
310
23
876
900
293
915
788
436
478
506
167
66
30
340
978
351
884
428
514
686
342
525
753
516
947
168
645
693
156
2
125
537
744
746
193
22
162
641
605
703
505
937
705
362
844
928
248
864
527
